[0, 0, 1, 3, 4, 5, 8, 10, 12, 19, 25, 35, 44, 51, 61, 73, 81, 95, 107, 108, 128, 135, 142, 145, 165, 169, 183, 198, 222, 225, 255, 258, 267, 287, 307, 311, 338, 365, 402, 410, 424, 464, 477, 506, 530, 550, 567, 584, 621, 660, 694, 739, 787, 823, 853, 886, 913, 935, 950, 974, 1029, 1084, 1104, 1145, 1151, 1171, 1195, 1222, 1254, 1307, 1317, 1365, 1427, 1467, 1523, 1586, 1625, 1649, 1708, 1756, 1786, 1804, 1871, 1935, 1961, 2005, 2037, 2099, 2141, 2218, 2253, 2320, 2377, 2460, 2475, 2518, 2565, 2574, 2626, 2690]
[0, 0, 2, 3, 4, 5, 9, 11, 17, 22, 27, 29, 33, 46, 59, 71, 78, 86, 97, 108, 115, 125, 143, 152, 160, 167, 175, 184, 206, 213, 235, 247, 276, 285, 288, 304, 324, 361, 389, 400, 424, 435, 463, 464, 477, 506, 543, 571, 619, 649, 654, 667, 687, 730, 752, 790, 830, 855, 875, 891, 916, 929, 979, 1010, 1044, 1045, 1075, 1106, 1115, 1126, 1159, 1175, 1245, 1247, 1278, 1301, 1356, 1431, 1462, 1496, 1561, 1600, 1633, 1674, 1742, 1787, 1831, 1844, 1851, 1911, 2000, 2070, 2141, 2160, 2188, 2259, 2267, 2300, 2303, 2322]
[0, 0, 1, 2, 3, 7, 12, 14, 19, 28, 37, 42, 50, 58, 67, 73, 85, 86, 90, 105, 107, 115, 119, 138, 142, 163, 167, 188, 203, 214, 220, 237, 239, 272, 306, 307, 341, 357, 367, 384, 418, 441, 456, 484, 520, 539, 577, 621, 648, 654, 702, 704, 720, 754, 758, 794, 806, 813, 862, 888, 919, 949, 988, 1007, 1032, 1047, 1085, 1087, 1092, 1100, 1154, 1175, 1215, 1234, 1260, 1334, 1342, 1385, 1391, 1463, 1465, 1514, 1529, 1595, 1610, 1673, 1722, 1740, 1816, 1881, 1926, 1989, 2069, 2112, 2171, 2194, 2237, 2265, 2274, 2286]
[0, 0, 2, 4, 6, 9, 10, 16, 23, 25, 28, 31, 42, 43, 51, 55, 56, 59, 66, 72, 92, 100, 101, 107, 129, 133, 141, 159, 177, 190, 207, 214, 221, 231, 246, 279, 295, 324, 327, 344, 371, 396, 419, 439, 476, 477, 505, 517, 544, 574, 586, 628, 679, 724, 751, 755, 775, 781, 811, 812, 826, 873, 883, 889, 944, 971, 1003, 1033, 1043, 1089, 1110, 1153, 1157, 1193, 1201, 1248, 1265, 1316, 1360, 1404, 1469, 1497, 1574, 1581, 1632, 1643, 1716, 1778, 1792, 1798, 1807, 1833, 1884, 1889, 1962, 2052, 2125, 2176, 2222, 2235]
[0, 0, 1, 2, 4, 8, 9, 12, 17, 25, 31, 38, 47, 55, 59, 67, 71, 76, 79, 80, 86, 93, 98, 120, 138, 146, 170, 179, 189, 210, 227, 236, 237, 246, 279, 308, 329, 366, 387, 391, 412, 450, 461, 482, 521, 526, 563, 576, 613, 639, 654, 673, 720, 772, 824, 853, 883, 934, 944, 980, 987, 1048, 1061, 1064, 1088, 1132, 1188, 1242, 1291, 1331, 1381, 1388, 1395, 1413, 1434, 1441, 1515, 1551, 1612, 1632, 1651, 1680, 1706, 1709, 1780, 1816, 1888, 1909, 1953, 2012, 2055, 2134, 2201, 2255, 2284, 2288, 2338, 2426, 2437, 2454]
[0, 0, 1, 4, 5, 8, 12, 19, 27, 32, 35, 38, 43, 56, 58, 61, 72, 73, 80, 91, 104, 116, 131, 154, 178, 180, 203, 205, 226, 243, 266, 292, 294, 320, 338, 361, 369, 376, 390, 411, 426, 451, 470, 500, 515, 535, 579, 615, 616, 625, 643, 688, 736, 766, 800, 852, 899, 930, 961, 1019, 1055, 1098, 1146, 1159, 1180, 1211, 1232, 1242, 1279, 1334, 1355, 1392, 1462, 1491, 1510, 1566, 1595, 1611, 1615, 1674, 1676, 1757, 1796, 1830, 1904, 1924, 1994, 2050, 2114, 2176, 2259, 2277, 2339, 2358, 2414, 2481, 2561, 2631, 2662, 2673]
[0, 0, 2, 4, 7, 11, 17, 18, 21, 24, 34, 40, 42, 44, 50, 51, 60, 74, 76, 81, 98, 116, 132, 148, 153, 174, 196, 216, 225, 227, 239, 242, 267, 280, 307, 308, 316, 320, 335, 338, 378, 408, 428, 433, 438, 481, 511, 557, 591, 611, 635, 668, 710, 748, 777, 805, 847, 884, 919, 975, 1031, 1046, 1078, 1100, 1141, 1187, 1249, 1288, 1298, 1360, 1396, 1453, 1493, 1554, 1601, 1617, 1645, 1668, 1716, 1722, 1750, 1757, 1801, 1832, 1876, 1939, 1969, 2042, 2121, 2207, 2284, 2288, 2326, 2357, 2431, 2433, 2526, 2579, 2615, 2651]
[0, 0, 1, 3, 4, 9, 14, 16, 19, 25, 29, 38, 47, 57, 58, 72, 88, 98, 101, 105, 120, 136, 151, 156, 165, 186, 202, 212, 233, 262, 273, 301, 331, 363, 387, 413, 440, 449, 454, 476, 478, 506, 524, 525, 555, 573, 616, 642, 668, 695, 729, 747, 763, 816, 851, 899, 930, 975, 977, 1000, 1006, 1037, 1090, 1150, 1205, 1222, 1264, 1322, 1337, 1344, 1354, 1387, 1458, 1482, 1519, 1527, 1542, 1575, 1582, 1605, 1618, 1696, 1777, 1825, 1832, 1899, 1956, 2004, 2047, 2086, 2128, 2148, 2214, 2216, 2255, 2296, 2333, 2380, 2433, 2450]
[0, 0, 2, 5, 9, 10, 14, 18, 21, 28, 36, 39, 42, 48, 58, 71, 79, 88, 96, 103, 109, 114, 124, 136, 150, 173, 185, 187, 196, 209, 213, 242, 266, 272, 280, 285, 304, 305, 340, 370, 404, 420, 455, 479, 490, 508, 544, 585, 586, 605, 653, 671, 684, 694, 714, 767, 776, 821, 844, 862, 885, 892, 916, 940, 965, 1001, 1060, 1112, 1152, 1173, 1209, 1263, 1269, 1315, 1381, 1410, 1469, 1493, 1564, 1568, 1595, 1661, 1705, 1727, 1793, 1824, 1901, 1981, 1990, 2001, 2078, 2147, 2193, 2228, 2281, 2359, 2406, 2493, 2584, 2600]
[0, 0, 2, 3, 5, 7, 11, 16, 20, 23, 24, 26, 32, 45, 57, 61, 77, 88, 104, 107, 109, 121, 138, 154, 162, 169, 188, 190, 218, 226, 248, 256, 288, 303, 315, 349, 384, 401, 434, 461, 463, 480, 498, 506, 532, 563, 594, 624, 633, 645, 681, 724, 752, 762, 772, 796, 838, 887, 897, 908, 936, 940, 1001, 1015, 1040, 1078, 1081, 1133, 1184, 1234, 1302, 1364, 1425, 1449, 1461, 1533, 1577, 1594, 1669, 1706, 1747, 1749, 1756, 1780, 1836, 1872, 1883, 1960, 2024, 2109, 2179, 2260, 2334, 2337, 2402, 2427, 2453, 2524, 2551, 2630]
[0, 0, 2, 4, 5, 7, 9, 12, 13, 20, 26, 30, 34, 42, 48, 61, 76, 87, 104, 121, 127, 129, 132, 152, 160, 174, 185, 190, 210, 229, 252, 265, 266, 292, 301, 328, 351, 359, 366, 370, 390, 420, 435, 459, 475, 505, 542, 566, 609, 611, 613, 648, 672, 725, 728, 731, 775, 827, 828, 831, 885, 931, 957, 1020, 1068, 1079, 1140, 1178, 1210, 1278, 1283, 1329, 1377, 1449, 1501, 1545, 1574, 1597, 1610, 1677, 1723, 1770, 1840, 1879, 1905, 1967, 1996, 2002, 2043, 2128, 2208, 2235, 2279, 2359, 2401, 2454, 2513, 2529, 2613, 2711]
[0, 0, 1, 3, 4, 8, 9, 16, 17, 26, 27, 31, 39, 49, 56, 65, 79, 92, 97, 104, 121, 125, 140, 151, 167, 184, 191, 216, 218, 238, 243, 245, 257, 270, 288, 299, 300, 312, 314, 346, 371, 405, 422, 439, 445, 451, 471, 501, 507, 538, 548, 590, 622, 624, 651, 653, 673, 694, 743, 777, 795, 798, 816, 847, 849, 893, 913, 937, 941, 983, 1029, 1032, 1048, 1073, 1132, 1192, 1209, 1222, 1275, 1337, 1344, 1411, 1439, 1488, 1509, 1591, 1673, 1677, 1692, 1725, 1747, 1815, 1846, 1893, 1903, 1935, 1949, 1966, 2060, 2092]
[0, 0, 2, 5, 9, 14, 15, 17, 25, 30, 35, 39, 46, 55, 69, 74, 86, 87, 104, 113, 119, 135, 153, 163, 183, 206, 210, 228, 256, 257, 274, 280, 292, 296, 304, 320, 337, 365, 384, 401, 439, 459, 462, 495, 529, 556, 579, 598, 610, 641, 688, 710, 745, 763, 813, 860, 866, 915, 945, 955, 966, 1016, 1042, 1060, 1117, 1119, 1167, 1185, 1203, 1219, 1234, 1259, 1279, 1299, 1361, 1363, 1413, 1445, 1512, 1561, 1609, 1611, 1619, 1694, 1722, 1801, 1875, 1894, 1924, 1962, 1995, 1997, 2053, 2063, 2114, 2150, 2222, 2237, 2326, 2364]
[0, 0, 1, 4, 5, 7, 11, 14, 19, 20, 21, 24, 27, 37, 46, 54, 66, 82, 83, 87, 100, 108, 112, 133, 136, 145, 146, 160, 185, 201, 229, 239, 243, 268, 302, 314, 321, 340, 349, 386, 414, 435, 455, 491, 509, 536, 576, 601, 644, 645, 648, 670, 691, 714, 734, 778, 821, 838, 870, 881, 890, 927, 931, 964, 1027, 1050, 1102, 1150, 1204, 1227, 1229, 1283, 1331, 1394, 1426, 1433, 1494, 1538, 1570, 1649, 1727, 1769, 1806, 1871, 1945, 1990, 2050, 2120, 2126, 2187, 2206, 2237, 2250, 2285, 2295, 2381, 2383, 2474, 2536, 2622]
[0, 0, 2, 3, 4, 8, 10, 15, 23, 26, 30, 39, 50, 62, 74, 83, 97, 109, 111, 117, 122, 125, 144, 150, 167, 192, 198, 199, 223, 240, 245, 259, 289, 294, 321, 333, 345, 374, 405, 413, 437, 459, 486, 514, 521, 539, 573, 578, 585, 634, 664, 712, 725, 768, 821, 850, 899, 907, 958, 1008, 1065, 1089, 1109, 1127, 1146, 1166, 1201, 1254, 1283, 1345, 1372, 1407, 1460, 1519, 1533, 1539, 1547, 1567, 1610, 1650, 1678, 1752, 1824, 1833, 1862, 1942, 2005, 2009, 2034, 2095, 2109, 2167, 2199, 2271, 2351, 2439, 2520, 2538, 2586, 2661]
[0, 0, 1, 3, 7, 11, 15, 22, 28, 33, 43, 45, 52, 64, 78, 90, 97, 99, 102, 104, 105, 114, 117, 128, 137, 150, 161, 169, 197, 198, 222, 232, 251, 267, 269, 299, 305, 311, 318, 332, 336, 356, 386, 407, 440, 441, 471, 481, 525, 566, 604, 641, 665, 716, 717, 739, 743, 796, 811, 868, 874, 919, 936, 978, 1027, 1078, 1115, 1155, 1201, 1215, 1232, 1269, 1274, 1299, 1313, 1369, 1404, 1459, 1522, 1560, 1591, 1610, 1619, 1694, 1726, 1778, 1823, 1833, 1881, 1903, 1920, 1942, 1984, 2012, 2070, 2132, 2201, 2212, 2302, 2363]
[0, 0, 1, 4, 5, 6, 7, 14, 18, 25, 29, 36, 38, 43, 54, 63, 71, 79, 90, 103, 114, 119, 122, 129, 148, 159, 177, 192, 213, 232, 244, 256, 267, 288, 306, 323, 349, 371, 405, 433, 445, 456, 480, 507, 536, 569, 572, 585, 627, 650, 658, 666, 670, 672, 685, 704, 712, 726, 730, 772, 796, 831, 835, 868, 888, 921, 952, 979, 1005, 1013, 1066, 1102, 1155, 1157, 1184, 1224, 1294, 1344, 1362, 1433, 1502, 1553, 1585, 1630, 1697, 1702, 1774, 1788, 1822, 1888, 1907, 1982, 1989, 1990, 2078, 2100, 2149, 2245, 2251, 2293]
[0, 0, 1, 4, 6, 9, 15, 21, 22, 30, 37, 39, 40, 43, 52, 60, 76, 86, 98, 104, 115, 127, 148, 171, 193, 208, 226, 227, 233, 249, 258, 278, 307, 335, 362, 364, 384, 419, 449, 465, 504, 530, 546, 571, 585, 621, 626, 651, 674, 707, 708, 723, 733, 769, 805, 855, 905, 962, 986, 1030, 1042, 1064, 1112, 1123, 1138, 1195, 1244, 1298, 1300, 1355, 1359, 1366, 1393, 1398, 1458, 1489, 1544, 1555, 1573, 1624, 1648, 1679, 1689, 1763, 1811, 1842, 1908, 1943, 1978, 2003, 2041, 2044, 2075, 2134, 2214, 2297, 2352, 2398, 2461, 2490]
[0, 0, 1, 2, 5, 8, 12, 18, 25, 29, 34, 36, 38, 42, 50, 61, 73, 82, 96, 100, 107, 110, 111, 134, 137, 154, 177, 192, 193, 217, 226, 227, 247, 252, 283, 311, 339, 342, 375, 398, 403, 408, 434, 460, 468, 472, 486, 514, 532, 569, 594, 611, 624, 636, 653, 706, 745, 796, 810, 826, 861, 916, 966, 971, 983, 1002, 1067, 1097, 1139, 1147, 1170, 1222, 1232, 1258, 1304, 1342, 1346, 1423, 1468, 1513, 1555, 1588, 1605, 1653, 1685, 1736, 1795, 1856, 1934, 2015, 2098, 2164, 2167, 2243, 2286, 2357, 2413, 2446, 2492, 2582]
[0, 0, 2, 3, 7, 8, 9, 10, 12, 14, 17, 27, 31, 32, 42, 57, 63, 64, 72, 74, 81, 85, 103, 106, 120, 124, 130, 157, 169, 196, 221, 235, 246, 265, 294, 304, 322, 352, 370, 393, 429, 461, 487, 491, 530, 564, 588, 630, 645, 684, 724, 774, 791, 796, 841, 863, 906, 931, 955, 992, 1002, 1004, 1054, 1105, 1160, 1167, 1208, 1255, 1278, 1343, 1397, 1434, 1442, 1503, 1574, 1588, 1612, 1651, 1704, 1776, 1816, 1822, 1881, 1945, 1994, 1998, 2060, 2137, 2206, 2248, 2316, 2376, 2448, 2485, 2514, 2579, 2645, 2716, 2726, 2738]
[0, 0, 1, 4, 8, 11, 13, 17, 20, 25, 33, 43, 53, 61, 62, 63, 71, 82, 88, 91, 103, 120, 131, 151, 173, 177, 190, 199, 224, 237, 253, 284, 312, 319, 340, 355, 381, 418, 426, 452, 482, 521, 532, 555, 565, 586, 603, 650, 687, 688, 696, 704, 750, 796, 815, 825, 873, 888, 936, 951, 1005, 1018, 1071, 1091, 1112, 1114, 1174, 1200, 1257, 1323, 1332, 1396, 1440, 1441, 1513, 1576, 1642, 1710, 1785, 1814, 1878, 1932, 1940, 1954, 2028, 2096, 2152, 2231, 2265, 2335, 2364, 2443, 2503, 2530, 2557, 2631, 2682, 2687, 2719, 2780]
[0, 0, 2, 3, 6, 11, 16, 17, 18, 25, 31, 35, 44, 47, 60, 65, 78, 82, 97, 99, 103, 114, 118, 119, 127, 132, 148, 153, 155, 170, 178, 191, 218, 227, 253, 282, 304, 335, 350, 370, 399, 423, 447, 464, 495, 525, 532, 556, 575, 592, 617, 639, 658, 668, 684, 685, 718, 741, 778, 819, 843, 901, 951, 952, 987, 995, 1038, 1099, 1139, 1171, 1217, 1222, 1289, 1300, 1362, 1407, 1455, 1510, 1533, 1590, 1595, 1611, 1686, 1756, 1840, 1842, 1926, 1945, 2017, 2079, 2140, 2186, 2233, 2236, 2308, 2316, 2342, 2354, 2423, 2467]
[0, 0, 1, 4, 7, 12, 16, 18, 20, 21, 22, 27, 37, 46, 58, 72, 75, 81, 86, 88, 104, 105, 117, 118, 130, 149, 168, 177, 178, 187, 202, 211, 222, 234, 241, 244, 264, 294, 308, 342, 356, 376, 381, 400, 413, 427, 467, 509, 523, 569, 588, 621, 649, 699, 723, 755, 791, 828, 858, 887, 917, 974, 1030, 1037, 1065, 1080, 1117, 1167, 1229, 1282, 1312, 1347, 1364, 1381, 1427, 1442, 1492, 1510, 1571, 1650, 1651, 1661, 1695, 1739, 1772, 1800, 1809, 1842, 1851, 1904, 1979, 2027, 2056, 2123, 2210, 2261, 2300, 2393, 2483, 2548]
[0, 0, 2, 4, 6, 9, 10, 12, 14, 15, 21, 27, 28, 40, 51, 62, 70, 74, 88, 95, 113, 132, 133, 146, 162, 181, 185, 208, 229, 244, 269, 286, 289, 294, 326, 356, 372, 390, 407, 422, 427, 449, 490, 493, 526, 539, 558, 595, 608, 619, 637, 683, 702, 741, 755, 771, 812, 822, 844, 857, 895, 940, 957, 991, 1030, 1043, 1091, 1158, 1199, 1219, 1247, 1313, 1380, 1432, 1449, 1499, 1515, 1538, 1567, 1581, 1623, 1694, 1760, 1792, 1854, 1859, 1941, 1992, 2027, 2093, 2149, 2159, 2202, 2295, 2370, 2406, 2476, 2488, 2565, 2630]
[0, 0, 1, 4, 6, 9, 12, 18, 26, 31, 39, 50, 61, 71, 83, 98, 105, 109, 117, 129, 141, 159, 181, 200, 201, 211, 222, 235, 247, 250, 264, 273, 279, 293, 324, 358, 378, 391, 403, 409, 449, 472, 504, 538, 579, 591, 611, 628, 654, 692, 718, 734, 762, 797, 836, 873, 890, 910, 911, 941, 987, 1030, 1031, 1082, 1137, 1198, 1261, 1268, 1327, 1371, 1427, 1490, 1556, 1568, 1639, 1649, 1670, 1734, 1772, 1837, 1888, 1889, 1943, 1970, 2031, 2098, 2127, 2180, 2246, 2313, 2350, 2355, 2417, 2481, 2559, 2603, 2660, 2722, 2768, 2803]
[0, 0, 1, 2, 6, 11, 14, 18, 26, 35, 36, 47, 52, 61, 69, 77, 79, 86, 90, 92, 97, 106, 107, 129, 149, 164, 181, 189, 210, 237, 266, 287, 301, 309, 333, 356, 373, 389, 402, 423, 441, 478, 490, 521, 556, 575, 577, 611, 628, 643, 670, 675, 680, 707, 754, 775, 804, 837, 892, 907, 958, 1001, 1004, 1059, 1070, 1128, 1142, 1173, 1217, 1235, 1259, 1268, 1312, 1321, 1366, 1372, 1374, 1450, 1524, 1582, 1626, 1655, 1662, 1679, 1700, 1704, 1733, 1792, 1836, 1881, 1935, 1963, 1978, 2001, 2089, 2162, 2181, 2224, 2297, 2334]
[0, 0, 2, 3, 5, 8, 9, 13, 18, 24, 25, 34, 40, 46, 54, 64, 79, 93, 96, 104, 108, 114, 116, 133, 154, 163, 186, 206, 210, 236, 261, 290, 318, 322, 346, 353, 372, 401, 409, 437, 444, 480, 486, 521, 556, 593, 620, 644, 675, 701, 707, 731, 754, 784, 829, 844, 845, 847, 877, 904, 943, 981, 1021, 1042, 1071, 1098, 1141, 1152, 1198, 1251, 1302, 1324, 1329, 1339, 1398, 1461, 1470, 1527, 1552, 1567, 1601, 1643, 1651, 1671, 1720, 1780, 1812, 1860, 1932, 1940, 2022, 2078, 2157, 2190, 2251, 2339, 2344, 2369, 2375, 2472]
[0, 0, 1, 3, 6, 7, 13, 15, 18, 22, 26, 34, 35, 37, 49, 54, 69, 85, 100, 117, 119, 125, 140, 144, 153, 162, 184, 188, 206, 228, 251, 265, 281, 313, 339, 365, 369, 389, 416, 441, 473, 481, 516, 518, 534, 569, 598, 623, 626, 640, 690, 738, 768, 818, 822, 867, 869, 924, 975, 985, 1019, 1039, 1048, 1106, 1154, 1200, 1203, 1244, 1306, 1322, 1330, 1357, 1367, 1371, 1417, 1475, 1529, 1565, 1626, 1674, 1723, 1770, 1797, 1857, 1878, 1959, 1965, 2012, 2039, 2072, 2140, 2148, 2206, 2240, 2292, 2295, 2308, 2320, 2373, 2455]
[0, 0, 1, 2, 6, 7, 13, 19, 21, 24, 31, 38, 39, 52, 59, 71, 81, 97, 105, 122, 125, 131, 141, 152, 160, 161, 167, 183, 192, 219, 234, 237, 266, 276, 290, 299, 319, 352, 371, 409, 426, 462, 470, 479, 493, 512, 554, 582, 601, 620, 651, 652, 669, 712, 741, 749, 795, 814, 866, 887, 905, 932, 994, 1044, 1095, 1137, 1199, 1200, 1229, 1263, 1326, 1348, 1375, 1420, 1455, 1500, 1574, 1613, 1626, 1680, 1754, 1762, 1830, 1837, 1901, 1978, 2004, 2084, 2118, 2159, 2164, 2237, 2295, 2307, 2359, 2437, 2458, 2519, 2615, 2676]
[0, 0, 2, 4, 8, 9, 14, 21, 29, 33, 43, 54, 58, 62, 72, 83, 86, 98, 105, 124, 144, 149, 166, 172, 180, 196, 213, 235, 238, 244, 267, 270, 281, 298, 316, 318, 338, 352, 381, 409, 414, 440, 480, 505, 534, 560, 600, 602, 623, 647, 654, 679, 720, 724, 770, 804, 808, 863, 866, 867, 903, 932, 955, 980, 987, 999, 1050, 1068, 1134, 1172, 1174, 1224, 1282, 1318, 1327, 1373, 1440, 1460, 1511, 1568, 1642, 1698, 1711, 1793, 1835, 1875, 1916, 1999, 2061, 2096, 2152, 2228, 2306, 2322, 2363, 2453, 2519, 2609, 2629, 2652]
[0, 0, 2, 3, 5, 9, 12, 18, 21, 22, 30, 38, 41, 45, 55, 62, 69, 77, 85, 100, 118, 139, 148, 152, 161, 162, 176, 192, 214, 237, 264, 290, 300, 325, 328, 343, 355, 372, 387, 397, 404, 411, 419, 449, 490, 506, 550, 552, 587, 620, 625, 636, 649, 677, 714, 717, 762, 780, 823, 833, 842, 849, 889, 920, 974, 1029, 1043, 1046, 1114, 1126, 1132, 1143, 1182, 1214, 1288, 1345, 1368, 1398, 1410, 1411, 1477, 1558, 1639, 1653, 1684, 1718, 1746, 1749, 1808, 1843, 1916, 1953, 1965, 2010, 2081, 2146, 2209, 2240, 2318, 2348]
[0, 0, 1, 3, 7, 9, 12, 13, 15, 16, 17, 23, 35, 39, 53, 59, 70, 84, 96, 107, 127, 131, 151, 155, 169, 179, 201, 206, 216, 242, 267, 268, 299, 319, 351, 355, 359, 365, 395, 427, 444, 477, 492, 527, 539, 548, 589, 620, 634, 643, 650, 701, 715, 745, 753, 775, 811, 839, 884, 887, 909, 910, 917, 940, 994, 1025, 1082, 1140, 1195, 1243, 1305, 1354, 1380, 1399, 1402, 1406, 1440, 1516, 1557, 1601, 1643, 1648, 1690, 1716, 1728, 1766, 1772, 1780, 1814, 1822, 1867, 1943, 1955, 1960, 2010, 2053, 2082, 2175, 2200, 2293]
[0, 0, 1, 4, 6, 11, 12, 15, 21, 29, 30, 32, 36, 40, 44, 48, 54, 70, 82, 94, 100, 106, 107, 130, 141, 144, 147, 163, 171, 193, 208, 233, 265, 271, 274, 282, 317, 354, 380, 396, 427, 464, 496, 497, 508, 537, 559, 584, 604, 637, 647, 662, 664, 683, 719, 733, 735, 778, 793, 813, 847, 864, 878, 937, 1001, 1047, 1072, 1127, 1153, 1177, 1194, 1253, 1254, 1311, 1337, 1350, 1419, 1425, 1432, 1465, 1491, 1521, 1546, 1626, 1649, 1665, 1719, 1772, 1839, 1926, 1949, 2025, 2093, 2184, 2212, 2259, 2316, 2360, 2367, 2432]
[0, 0, 1, 3, 6, 7, 13, 14, 18, 27, 29, 35, 42, 53, 64, 72, 87, 104, 119, 137, 146, 165, 173, 191, 208, 210, 231, 252, 279, 293, 295, 319, 347, 363, 370, 397, 407, 425, 427, 431, 466, 495, 537, 576, 591, 611, 648, 688, 700, 718, 737, 755, 785, 826, 829, 881, 901, 919, 976, 986, 997, 1038, 1061, 1074, 1129, 1160, 1215, 1232, 1264, 1291, 1332, 1339, 1371, 1398, 1408, 1446, 1513, 1553, 1575, 1590, 1603, 1615, 1649, 1677, 1757, 1781, 1863, 1936, 2023, 2038, 2059, 2097, 2148, 2233, 2327, 2403, 2477, 2545, 2556, 2614]
[0, 0, 2, 4, 8, 9, 10, 16, 23, 31, 33, 41, 52, 59, 60, 75, 87, 92, 94, 95, 110, 112, 133, 143, 164, 179, 198, 222, 250, 254, 277, 306, 316, 343, 376, 406, 442, 447, 458, 461, 476, 482, 501, 503, 513, 523, 560, 602, 624, 666, 669, 679, 715, 757, 776, 815, 852, 892, 935, 949, 974, 1006, 1021, 1051, 1076, 1101, 1103, 1105, 1109, 1155, 1217, 1219, 1243, 1295, 1303, 1370, 1428, 1473, 1527, 1553, 1583, 1604, 1681, 1757, 1768, 1787, 1802, 1814, 1849, 1851, 1868, 1877, 1895, 1897, 1930, 1936, 1989, 2005, 2061, 2096]
[0, 0, 1, 2, 5, 7, 10, 16, 24, 27, 37, 45, 46, 52, 55, 59, 66, 77, 80, 96, 105, 120, 132, 137, 149, 156, 168, 170, 186, 191, 206, 231, 252, 285, 313, 327, 345, 353, 371, 401, 425, 464, 479, 497, 540, 547, 586, 631, 667, 694, 698, 722, 748, 758, 779, 816, 837, 882, 889, 911, 939, 970, 980, 1003, 1015, 1070, 1078, 1127, 1155, 1182, 1210, 1238, 1298, 1300, 1341, 1344, 1388, 1408, 1435, 1444, 1449, 1506, 1553, 1585, 1606, 1640, 1685, 1718, 1768, 1775, 1776, 1789, 1817, 1882, 1903, 1944, 2002, 2076, 2153, 2243]
[0, 0, 1, 3, 4, 9, 15, 19, 23, 29, 38, 43, 48, 49, 57, 67, 74, 85, 102, 119, 128, 133, 138, 139, 151, 173, 194, 215, 232, 247, 252, 279, 309, 321, 331, 354, 378, 412, 421, 431, 460, 499, 512, 514, 533, 552, 597, 610, 643, 689, 703, 747, 756, 769, 779, 789, 798, 850, 908, 927, 948, 979, 1009, 1029, 1036, 1054, 1087, 1140, 1163, 1176, 1188, 1243, 1307, 1320, 1359, 1429, 1471, 1482, 1508, 1553, 1624, 1679, 1716, 1744, 1802, 1871, 1947, 2024, 2074, 2160, 2193, 2265, 2272, 2320, 2353, 2440, 2484, 2555, 2575, 2633]
[0, 0, 1, 2, 4, 8, 9, 15, 16, 20, 25, 29, 41, 43, 57, 63, 76, 79, 96, 100, 107, 118, 124, 140, 164, 171, 193, 203, 206, 215, 232, 254, 271, 284, 313, 337, 365, 395, 406, 425, 461, 484, 506, 548, 550, 551, 572, 579, 624, 631, 644, 653, 697, 732, 782, 793, 804, 825, 841, 863, 893, 912, 973, 1022, 1056, 1089, 1146, 1189, 1240, 1274, 1309, 1325, 1339, 1360, 1394, 1407, 1461, 1527, 1541, 1601, 1652, 1665, 1682, 1761, 1840, 1881, 1931, 1992, 2053, 2076, 2097, 2177, 2206, 2272, 2290, 2336, 2405, 2460, 2520, 2573]
[0, 0, 2, 4, 7, 11, 15, 18, 26, 35, 38, 48, 60, 62, 73, 80, 82, 95, 113, 115, 133, 146, 149, 155, 162, 167, 174, 193, 210, 232, 261, 292, 293, 326, 328, 336, 358, 384, 389, 416, 446, 472, 507, 522, 539, 572, 599, 646, 687, 704, 753, 760, 792, 839, 892, 922, 966, 973, 993, 1026, 1061, 1072, 1106, 1140, 1200, 1209, 1226, 1284, 1299, 1354, 1367, 1403, 1467, 1535, 1566, 1573, 1647, 1705, 1717, 1729, 1773, 1821, 1902, 1948, 1953, 1975, 1993, 2074, 2150, 2214, 2234, 2254, 2288, 2300, 2361, 2393, 2409, 2438, 2507, 2555]
[0, 0, 2, 3, 7, 11, 16, 17, 20, 26, 28, 29, 39, 44, 55, 66, 72, 83, 91, 98, 113, 122, 125, 128, 140, 153, 161, 179, 181, 186, 202, 210, 231, 247, 265, 285, 291, 313, 344, 366, 368, 390, 406, 418, 449, 470, 504, 513, 556, 604, 612, 634, 637, 663, 700, 748, 791, 806, 827, 879, 913, 940, 967, 990, 1010, 1063, 1105, 1117, 1147, 1173, 1178, 1218, 1273, 1343, 1378, 1399, 1459, 1533, 1589, 1653, 1658, 1718, 1746, 1776, 1805, 1819, 1881, 1895, 1907, 1924, 1938, 1977, 2000, 2030, 2042, 2061, 2101, 2170, 2176, 2194]
[0, 0, 1, 2, 6, 8, 12, 16, 18, 21, 30, 34, 39, 41, 45, 60, 76, 87, 104, 118, 126, 145, 159, 172, 178, 199, 223, 227, 232, 243, 271, 292, 307, 320, 352, 358, 376, 410, 432, 458, 489, 525, 533, 576, 598, 634, 653, 698, 732, 769, 793, 835, 874, 922, 974, 987, 1023, 1054, 1086, 1104, 1147, 1172, 1207, 1256, 1275, 1339, 1403, 1429, 1465, 1473, 1522, 1563, 1618, 1683, 1692, 1763, 1778, 1853, 1912, 1926, 1962, 1983, 2051, 2101, 2122, 2165, 2233, 2248, 2308, 2379, 2446, 2465, 2506, 2585, 2609, 2699, 2762, 2798, 2829, 2913]
[0, 0, 2, 3, 6, 9, 14, 17, 20, 21, 22, 30, 33, 37, 50, 53, 68, 69, 78, 95, 112, 131, 153, 154, 155, 165, 188, 194, 219, 241, 258, 287, 306, 316, 319, 328, 333, 366, 377, 381, 390, 407, 413, 418, 458, 487, 505, 536, 548, 573, 574, 612, 661, 671, 704, 743, 793, 807, 841, 874, 895, 917, 956, 991, 1013, 1019, 1057, 1114, 1167, 1228, 1237, 1252, 1256, 1317, 1376, 1413, 1439, 1443, 1462, 1468, 1471, 1491, 1506, 1515, 1594, 1612, 1675, 1737, 1813, 1876, 1955, 2042, 2095, 2185, 2278, 2309, 2354, 2381, 2454, 2552]
[0, 0, 2, 3, 7, 12, 14, 18, 23, 31, 37, 48, 52, 61, 72, 79, 93, 102, 116, 130, 150, 164, 180, 190, 209, 224, 237, 240, 244, 246, 257, 269, 279, 283, 293, 316, 340, 376, 393, 404, 444, 483, 490, 493, 525, 549, 590, 625, 647, 655, 699, 718, 751, 797, 809, 855, 909, 940, 941, 951, 952, 1001, 1054, 1116, 1131, 1177, 1234, 1296, 1326, 1380, 1405, 1454, 1517, 1552, 1553, 1617, 1631, 1661, 1719, 1796, 1828, 1864, 1879, 1962, 1969, 2025, 2085, 2155, 2193, 2237, 2320, 2408, 2442, 2500, 2530, 2590, 2654, 2726, 2811, 2897]
[0, 0, 1, 2, 3, 7, 10, 11, 18, 20, 26, 28, 35, 37, 43, 51, 58, 67, 69, 75, 93, 99, 113, 119, 143, 161, 184, 199, 204, 207, 212, 241, 262, 289, 314, 325, 345, 362, 396, 413, 447, 488, 518, 541, 552, 561, 572, 597, 618, 650, 687, 729, 768, 804, 840, 874, 913, 940, 984, 1011, 1022, 1064, 1080, 1126, 1141, 1169, 1186, 1247, 1287, 1332, 1345, 1374, 1381, 1413, 1456, 1509, 1567, 1617, 1630, 1678, 1750, 1792, 1823, 1855, 1876, 1901, 1980, 2007, 2013, 2063, 2067, 2133, 2154, 2229, 2266, 2273, 2351, 2370, 2422, 2463]
[0, 0, 2, 5, 8, 13, 19, 21, 26, 33, 39, 40, 51, 53, 62, 70, 84, 93, 94, 100, 106, 125, 145, 156, 179, 181, 196, 197, 211, 215, 235, 254, 264, 272, 275, 288, 290, 298, 321, 355, 386, 399, 439, 469, 504, 510, 531, 547, 564, 602, 634, 642, 691, 739, 776, 814, 816, 821, 873, 931, 987, 1033, 1036, 1042, 1079, 1133, 1140, 1147, 1200, 1234, 1254, 1297, 1359, 1411, 1477, 1484, 1554, 1575, 1638, 1710, 1730, 1741, 1802, 1830, 1903, 1953, 2033, 2086, 2111, 2172, 2181, 2244, 2316, 2318, 2364, 2436, 2464, 2482, 2531, 2565]
[0, 0, 2, 4, 8, 11, 14, 20, 28, 34, 37, 45, 51, 58, 68, 81, 96, 101, 112, 115, 119, 135, 146, 157, 162, 179, 185, 188, 201, 230, 240, 243, 253, 269, 282, 305, 320, 347, 366, 389, 428, 432, 467, 494, 526, 558, 559, 560, 570, 600, 611, 635, 646, 662, 693, 746, 800, 801, 812, 836, 891, 899, 950, 967, 999, 1041, 1073, 1119, 1181, 1187, 1215, 1245, 1252, 1290, 1319, 1368, 1428, 1498, 1573, 1613, 1614, 1646, 1716, 1746, 1787, 1837, 1873, 1904, 1980, 2029, 2037, 2122, 2152, 2162, 2229, 2268, 2285, 2377, 2441, 2458]
[0, 0, 2, 3, 4, 9, 15, 22, 23, 31, 36, 38, 39, 46, 58, 67, 74, 83, 88, 89, 90, 93, 113, 134, 148, 155, 156, 183, 208, 214, 217, 243, 258, 265, 289, 299, 303, 330, 352, 357, 391, 397, 432, 437, 462, 485, 486, 502, 545, 584, 585, 601, 617, 652, 700, 727, 738, 755, 803, 820, 823, 878, 927, 950, 989, 1047, 1053, 1100, 1155, 1190, 1197, 1227, 1289, 1292, 1305, 1331, 1399, 1474, 1477, 1518, 1544, 1585, 1617, 1629, 1664, 1735, 1762, 1814, 1824, 1854, 1872, 1923, 1973, 2013, 2026, 2072, 2127, 2162, 2191, 2236]
[0, 0, 1, 4, 8, 10, 14, 16, 23, 25, 32, 35, 44, 49, 51, 54, 70, 77, 95, 107, 119, 127, 148, 151, 173, 177, 198, 210, 238, 244, 258, 287, 318, 323, 349, 358, 365, 394, 412, 413, 450, 465, 476, 488, 489, 505, 518, 561, 590, 634, 639, 671, 714, 752, 775, 784, 813, 819, 844, 851, 874, 901, 920, 947, 1002, 1007, 1057, 1091, 1157, 1225, 1252, 1300, 1310, 1320, 1325, 1394, 1422, 1431, 1441, 1491, 1498, 1573, 1578, 1616, 1680, 1683, 1698, 1724, 1752, 1831, 1876, 1909, 1994, 2053, 2078, 2080, 2087, 2121, 2187, 2278]
[0, 0, 2, 4, 6, 7, 8, 15, 17, 18, 23, 30, 36, 41, 50, 55, 71, 88, 100, 114, 121, 126, 147, 157, 162, 163, 167, 177, 185, 212, 231, 233, 235, 243, 251, 282, 296, 321, 332, 356, 372, 400, 413, 434, 470, 485, 488, 510, 531, 577, 604, 629, 676, 700, 738, 764, 817, 847, 889, 947, 978, 1028, 1059, 1079, 1103, 1124, 1152, 1194, 1216, 1257, 1266, 1318, 1376, 1444, 1503, 1506, 1560, 1607, 1628, 1686, 1741, 1788, 1837, 1864, 1880, 1882, 1903, 1910, 1922, 1992, 2077, 2105, 2133, 2198, 2217, 2234, 2266, 2305, 2327, 2402]
[0, 0, 2, 3, 5, 9, 10, 16, 18, 27, 35, 39, 47, 55, 66, 79, 83, 85, 102, 110, 117, 130, 141, 163, 176, 194, 213, 238, 244, 246, 274, 295, 325, 348, 380, 389, 401, 436, 473, 480, 510, 520, 550, 565, 580, 599, 627, 670, 687, 701, 750, 800, 830, 846, 874, 918, 961, 1012, 1025, 1066, 1122, 1134, 1136, 1154, 1169, 1212, 1238, 1243, 1249, 1311, 1335, 1337, 1386, 1398, 1453, 1514, 1583, 1617, 1670, 1704, 1759, 1797, 1823, 1843, 1893, 1978, 2012, 2030, 2107, 2131, 2139, 2189, 2223, 2308, 2334, 2417, 2482, 2562, 2620, 2708]
[0, 0, 2, 5, 6, 7, 9, 14, 16, 21, 28, 31, 42, 43, 50, 62, 73, 83, 85, 102, 112, 131, 146, 159, 176, 187, 212, 231, 248, 270, 275, 285, 309, 341, 361, 390, 400, 429, 453, 479, 486, 499, 536, 559, 565, 606, 644, 688, 728, 739, 784, 815, 838, 869, 893, 894, 920, 949, 969, 987, 1016, 1068, 1104, 1120, 1156, 1187, 1238, 1259, 1270, 1289, 1316, 1351, 1362, 1400, 1423, 1492, 1504, 1551, 1552, 1623, 1631, 1708, 1767, 1811, 1874, 1921, 1955, 2000, 2067, 2107, 2194, 2199, 2232, 2315, 2374, 2384, 2408, 2492, 2512, 2588]
[0, 0, 1, 3, 7, 10, 12, 16, 24, 31, 36, 46, 51, 64, 67, 74, 89, 106, 108, 117, 128, 140, 142, 156, 165, 170, 173, 179, 186, 214, 223, 236, 259, 285, 301, 335, 364, 366, 380, 385, 405, 414, 448, 469, 497, 514, 556, 573, 602, 619, 657, 683, 696, 724, 768, 778, 795, 809, 836, 841, 864, 895, 896, 919, 926, 944, 945, 984, 1019, 1087, 1154, 1223, 1240, 1312, 1348, 1368, 1442, 1462, 1537, 1546, 1578, 1582, 1654, 1711, 1755, 1803, 1866, 1933, 2000, 2024, 2093, 2172, 2207, 2217, 2239, 2284, 2340, 2391, 2442, 2514]
[0, 0, 1, 3, 5, 10, 15, 18, 19, 25, 32, 42, 52, 54, 67, 81, 86, 92, 99, 113, 125, 128, 136, 144, 150, 163, 185, 200, 222, 246, 263, 285, 295, 298, 330, 364, 378, 379, 416, 450, 465, 473, 480, 502, 535, 539, 568, 596, 626, 659, 709, 713, 735, 743, 746, 769, 783, 794, 841, 851, 857, 875, 906, 911, 934, 992, 1011, 1071, 1139, 1147, 1170, 1187, 1210, 1229, 1278, 1347, 1387, 1422, 1474, 1549, 1616, 1627, 1696, 1712, 1784, 1833, 1911, 1922, 1962, 2040, 2114, 2148, 2196, 2202, 2284, 2362, 2381, 2452, 2516, 2550]
[0, 0, 2, 5, 8, 13, 15, 16, 18, 20, 25, 29, 41, 52, 59, 73, 77, 87, 100, 115, 119, 136, 142, 145, 151, 172, 189, 203, 204, 216, 239, 245, 255, 284, 295, 327, 339, 365, 392, 404, 414, 453, 466, 498, 507, 528, 544, 546, 592, 633, 661, 712, 758, 761, 774, 827, 880, 927, 947, 990, 1019, 1068, 1079, 1124, 1145, 1153, 1157, 1201, 1245, 1295, 1300, 1301, 1353, 1390, 1396, 1408, 1475, 1506, 1515, 1517, 1595, 1669, 1680, 1754, 1776, 1854, 1869, 1923, 1993, 2003, 2032, 2120, 2133, 2212, 2224, 2292, 2356, 2399, 2490, 2545]
[0, 0, 2, 4, 8, 11, 17, 22, 30, 35, 38, 45, 56, 65, 71, 81, 97, 102, 108, 125, 134, 155, 163, 165, 166, 185, 189, 194, 207, 208, 228, 241, 247, 271, 288, 318, 336, 338, 348, 383, 419, 420, 447, 469, 496, 532, 542, 573, 587, 633, 663, 686, 736, 738, 784, 819, 873, 899, 928, 956, 1005, 1033, 1081, 1119, 1169, 1226, 1247, 1286, 1306, 1346, 1415, 1457, 1474, 1524, 1562, 1604, 1630, 1670, 1680, 1707, 1717, 1722, 1794, 1823, 1828, 1906, 1984, 2033, 2085, 2154, 2243, 2285, 2331, 2416, 2435, 2458, 2478, 2504, 2595, 2608]
[0, 0, 2, 3, 7, 10, 14, 20, 27, 32, 33, 42, 50, 63, 70, 72, 88, 105, 122, 138, 142, 163, 183, 205, 229, 238, 251, 263, 270, 287, 297, 305, 307, 339, 349, 371, 402, 429, 446, 451, 464, 484, 496, 524, 538, 580, 588, 623, 652, 656, 705, 714, 739, 778, 791, 806, 860, 862, 889, 891, 907, 951, 981, 983, 1047, 1104, 1122, 1136, 1156, 1196, 1253, 1274, 1317, 1364, 1421, 1476, 1522, 1568, 1617, 1670, 1706, 1748, 1804, 1816, 1884, 1965, 2050, 2066, 2135, 2214, 2247, 2286, 2311, 2367, 2438, 2455, 2473, 2513, 2548, 2637]
[0, 0, 1, 3, 4, 8, 9, 10, 12, 13, 22, 23, 33, 36, 46, 52, 68, 70, 74, 91, 104, 119, 139, 140, 158, 180, 194, 210, 212, 234, 238, 240, 271, 277, 299, 320, 323, 327, 344, 373, 395, 410, 450, 464, 496, 521, 561, 585, 591, 598, 621, 646, 689, 719, 754, 770, 793, 796, 851, 855, 898, 939, 979, 984, 1007, 1050, 1090, 1156, 1167, 1229, 1288, 1296, 1312, 1365, 1432, 1471, 1514, 1516, 1587, 1624, 1700, 1730, 1767, 1798, 1827, 1856, 1870, 1900, 1975, 2052, 2065, 2085, 2101, 2164, 2248, 2303, 2331, 2351, 2444, 2453]
[0, 0, 1, 4, 5, 7, 10, 15, 21, 25, 28, 34, 40, 48, 58, 69, 76, 90, 92, 102, 103, 115, 135, 147, 169, 184, 210, 217, 242, 247, 248, 267, 284, 301, 302, 308, 309, 325, 347, 369, 384, 402, 403, 413, 441, 447, 481, 528, 569, 582, 603, 638, 668, 674, 719, 734, 773, 780, 838, 852, 854, 859, 906, 961, 1010, 1016, 1045, 1055, 1122, 1160, 1181, 1246, 1259, 1314, 1375, 1435, 1460, 1468, 1479, 1554, 1583, 1659, 1728, 1797, 1878, 1953, 1970, 2040, 2098, 2125, 2144, 2147, 2219, 2287, 2321, 2398, 2436, 2513, 2592, 2615]
[0, 0, 1, 2, 3, 4, 8, 10, 11, 16, 22, 26, 33, 34, 38, 52, 66, 68, 81, 97, 113, 125, 141, 159, 162, 181, 205, 227, 248, 275, 276, 282, 289, 302, 312, 320, 336, 353, 389, 401, 419, 450, 480, 496, 517, 518, 559, 561, 597, 615, 635, 666, 677, 699, 750, 798, 800, 853, 877, 880, 888, 903, 956, 1014, 1034, 1064, 1085, 1111, 1175, 1225, 1283, 1333, 1386, 1406, 1480, 1509, 1544, 1580, 1605, 1656, 1724, 1801, 1819, 1881, 1961, 2026, 2087, 2162, 2169, 2257, 2322, 2392, 2427, 2432, 2478, 2557, 2607, 2661, 2704, 2730]
[0, 0, 2, 3, 6, 11, 14, 17, 21, 25, 27, 29, 30, 32, 36, 37, 53, 61, 67, 84, 94, 99, 100, 121, 144, 156, 177, 178, 194, 195, 204, 234, 250, 268, 302, 329, 330, 343, 355, 389, 425, 436, 462, 488, 524, 542, 586, 622, 631, 640, 662, 682, 691, 694, 748, 773, 824, 827, 831, 858, 882, 898, 926, 944, 978, 989, 1055, 1067, 1105, 1158, 1221, 1276, 1311, 1372, 1404, 1449, 1481, 1491, 1567, 1619, 1693, 1714, 1776, 1850, 1872, 1903, 1984, 1999, 2085, 2125, 2175, 2199, 2238, 2252, 2253, 2286, 2300, 2372, 2407, 2410]
[0, 0, 1, 4, 7, 12, 13, 15, 21, 26, 27, 33, 44, 56, 70, 84, 88, 103, 115, 116, 136, 143, 151, 164, 174, 188, 201, 218, 231, 242, 258, 283, 312, 317, 344, 350, 363, 393, 397, 423, 429, 466, 472, 497, 518, 522, 559, 560, 599, 606, 649, 655, 707, 747, 793, 803, 815, 847, 867, 907, 922, 981, 998, 1043, 1068, 1071, 1081, 1144, 1161, 1183, 1208, 1243, 1265, 1299, 1331, 1360, 1366, 1443, 1460, 1482, 1555, 1635, 1667, 1671, 1729, 1791, 1825, 1874, 1881, 1888, 1952, 2035, 2117, 2143, 2198, 2225, 2250, 2296, 2369, 2385]
[0, 0, 1, 2, 5, 10, 16, 18, 26, 35, 39, 41, 42, 49, 58, 64, 71, 75, 92, 109, 126, 127, 134, 147, 153, 165, 183, 185, 198, 206, 227, 230, 260, 265, 268, 295, 296, 325, 348, 380, 407, 424, 428, 468, 479, 501, 506, 543, 547, 572, 575, 607, 622, 660, 674, 708, 729, 738, 780, 812, 850, 892, 904, 918, 952, 957, 967, 1033, 1053, 1080, 1108, 1123, 1177, 1227, 1239, 1312, 1377, 1414, 1418, 1444, 1451, 1495, 1518, 1558, 1599, 1628, 1702, 1779, 1786, 1836, 1870, 1900, 1988, 2032, 2068, 2158, 2183, 2211, 2291, 2309]
[0, 0, 2, 4, 5, 9, 12, 13, 19, 27, 34, 39, 46, 59, 61, 76, 92, 104, 107, 121, 132, 146, 165, 182, 192, 212, 228, 238, 261, 288, 303, 316, 336, 358, 384, 405, 438, 456, 466, 467, 505, 535, 573, 605, 640, 647, 652, 677, 687, 715, 726, 762, 808, 836, 885, 921, 944, 953, 958, 1005, 1032, 1036, 1050, 1079, 1141, 1155, 1166, 1219, 1255, 1261, 1289, 1325, 1327, 1386, 1414, 1448, 1497, 1512, 1516, 1520, 1545, 1606, 1660, 1679, 1756, 1763, 1818, 1827, 1891, 1941, 2009, 2043, 2110, 2136, 2188, 2218, 2280, 2320, 2395, 2487]
[0, 0, 2, 4, 8, 13, 18, 23, 29, 38, 46, 53, 54, 66, 71, 80, 92, 106, 111, 125, 138, 158, 180, 189, 197, 215, 238, 254, 281, 302, 324, 325, 353, 367, 396, 417, 427, 454, 465, 497, 514, 519, 540, 550, 581, 596, 626, 662, 704, 747, 775, 810, 857, 863, 893, 899, 907, 908, 954, 956, 968, 1016, 1019, 1043, 1052, 1090, 1092, 1107, 1124, 1137, 1194, 1221, 1285, 1339, 1370, 1423, 1449, 1455, 1468, 1531, 1539, 1590, 1600, 1682, 1700, 1763, 1774, 1813, 1881, 1894, 1964, 2017, 2025, 2035, 2039, 2047, 2143, 2163, 2175, 2250]
[0, 0, 2, 4, 5, 9, 11, 17, 18, 23, 30, 32, 44, 54, 59, 70, 78, 92, 101, 110, 111, 130, 138, 152, 162, 187, 202, 212, 228, 243, 268, 287, 315, 333, 334, 336, 351, 380, 401, 427, 459, 491, 518, 532, 553, 588, 592, 631, 674, 718, 753, 754, 793, 823, 827, 869, 881, 937, 978, 991, 1003, 1015, 1042, 1054, 1066, 1086, 1122, 1134, 1149, 1212, 1247, 1262, 1295, 1346, 1354, 1358, 1375, 1433, 1449, 1453, 1513, 1571, 1601, 1682, 1699, 1761, 1791, 1862, 1876, 1961, 1979, 2002, 2033, 2081, 2106, 2125, 2217, 2221, 2270, 2276]
[0, 0, 2, 3, 7, 9, 13, 16, 18, 20, 23, 26, 27, 33, 42, 52, 68, 83, 99, 102, 103, 121, 123, 144, 151, 166, 174, 182, 195, 208, 230, 239, 268, 278, 281, 308, 320, 329, 349, 374, 406, 432, 471, 508, 543, 568, 604, 635, 677, 697, 712, 724, 747, 764, 772, 820, 822, 871, 890, 942, 966, 1006, 1049, 1109, 1123, 1131, 1185, 1226, 1274, 1327, 1340, 1395, 1458, 1513, 1535, 1563, 1611, 1641, 1666, 1725, 1745, 1820, 1845, 1884, 1951, 2004, 2088, 2097, 2179, 2257, 2287, 2375, 2385, 2460, 2521, 2587, 2642, 2652, 2688, 2771]
[0, 0, 1, 4, 7, 11, 15, 21, 22, 24, 29, 39, 46, 52, 53, 65, 81, 88, 106, 123, 139, 149, 150, 160, 178, 196, 202, 213, 215, 225, 234, 263, 278, 290, 304, 325, 336, 355, 367, 375, 413, 422, 462, 488, 509, 516, 546, 561, 594, 621, 633, 642, 673, 678, 726, 755, 769, 790, 809, 843, 895, 919, 962, 966, 1023, 1072, 1106, 1142, 1151, 1168, 1189, 1193, 1195, 1226, 1254, 1265, 1291, 1335, 1402, 1468, 1547, 1592, 1603, 1637, 1662, 1719, 1767, 1801, 1808, 1828, 1892, 1963, 2028, 2095, 2127, 2189, 2230, 2242, 2302, 2368]
[0, 0, 2, 4, 6, 8, 14, 19, 26, 32, 36, 44, 46, 55, 58, 72, 76, 89, 102, 110, 113, 120, 126, 136, 159, 184, 201, 223, 236, 246, 259, 266, 274, 295, 302, 316, 335, 370, 381, 385, 392, 428, 437, 446, 447, 459, 474, 503, 545, 594, 626, 641, 691, 698, 699, 720, 729, 750, 803, 805, 807, 824, 860, 877, 923, 972, 983, 1006, 1041, 1069, 1100, 1107, 1139, 1190, 1222, 1254, 1312, 1315, 1350, 1428, 1469, 1496, 1539, 1567, 1640, 1720, 1781, 1833, 1872, 1923, 2009, 2051, 2134, 2167, 2172, 2200, 2228, 2237, 2306, 2370]
[0, 0, 1, 4, 6, 9, 10, 11, 16, 18, 21, 22, 23, 25, 32, 45, 47, 48, 53, 70, 77, 93, 101, 108, 112, 131, 134, 143, 154, 160, 174, 192, 209, 228, 244, 270, 273, 289, 301, 312, 328, 340, 379, 421, 447, 477, 484, 521, 527, 563, 581, 584, 603, 654, 679, 733, 735, 768, 799, 812, 829, 886, 907, 931, 949, 955, 974, 1018, 1056, 1068, 1109, 1176, 1179, 1251, 1320, 1373, 1395, 1442, 1472, 1500, 1569, 1617, 1674, 1684, 1697, 1698, 1739, 1772, 1775, 1796, 1814, 1887, 1940, 1960, 2024, 2045, 2126, 2208, 2212, 2299]
[0, 0, 1, 2, 4, 6, 8, 15, 21, 22, 26, 31, 40, 50, 51, 63, 65, 82, 93, 108, 125, 137, 154, 166, 167, 171, 177, 181, 204, 221, 235, 266, 268, 276, 301, 317, 343, 350, 364, 377, 385, 386, 421, 432, 467, 512, 558, 562, 594, 632, 641, 691, 712, 735, 743, 774, 827, 845, 865, 891, 919, 934, 976, 1008, 1038, 1056, 1092, 1136, 1202, 1269, 1298, 1301, 1310, 1376, 1420, 1461, 1487, 1558, 1610, 1631, 1707, 1777, 1820, 1847, 1915, 1962, 2042, 2120, 2178, 2231, 2301, 2365, 2443, 2500, 2527, 2538, 2598, 2646, 2675, 2765]
[0, 0, 1, 4, 5, 6, 7, 12, 17, 23, 32, 36, 46, 50, 62, 77, 79, 92, 110, 118, 131, 147, 156, 166, 176, 179, 189, 198, 225, 252, 255, 266, 281, 303, 307, 322, 343, 376, 413, 427, 432, 460, 475, 480, 506, 525, 558, 586, 623, 660, 688, 690, 711, 761, 790, 794, 850, 883, 922, 929, 944, 949, 973, 979, 989, 990, 1004, 1043, 1050, 1062, 1116, 1178, 1211, 1260, 1282, 1332, 1386, 1418, 1468, 1536, 1589, 1645, 1709, 1724, 1743, 1757, 1824, 1842, 1843, 1911, 1917, 1963, 2018, 2098, 2117, 2207, 2239, 2330, 2373, 2441]
[0, 0, 2, 3, 5, 7, 13, 20, 27, 32, 41, 52, 53, 63, 72, 83, 89, 101, 117, 130, 134, 141, 155, 175, 181, 201, 202, 211, 222, 249, 267, 288, 302, 306, 315, 316, 321, 325, 333, 353, 374, 383, 404, 429, 432, 452, 468, 510, 536, 548, 590, 636, 662, 687, 721, 730, 739, 750, 760, 784, 818, 852, 910, 933, 984, 1031, 1091, 1124, 1155, 1161, 1224, 1285, 1351, 1410, 1480, 1545, 1559, 1564, 1630, 1699, 1731, 1802, 1822, 1892, 1904, 1968, 2039, 2125, 2207, 2284, 2367, 2427, 2509, 2589, 2593, 2648, 2659, 2720, 2730, 2756]
[0, 0, 1, 3, 4, 7, 11, 17, 20, 24, 34, 45, 46, 54, 65, 74, 90, 98, 116, 117, 129, 131, 150, 154, 155, 157, 168, 191, 197, 221, 224, 231, 257, 278, 298, 332, 354, 384, 390, 391, 411, 421, 442, 462, 483, 485, 508, 520, 549, 553, 562, 601, 635, 650, 656, 685, 707, 748, 806, 815, 865, 880, 887, 903, 907, 952, 976, 1004, 1043, 1091, 1122, 1184, 1223, 1262, 1295, 1367, 1399, 1437, 1474, 1549, 1606, 1656, 1719, 1769, 1815, 1822, 1893, 1903, 1967, 1975, 1995, 2044, 2059, 2085, 2165, 2252, 2341, 2405, 2477, 2515]
[0, 0, 2, 4, 8, 10, 11, 15, 21, 23, 32, 35, 45, 56, 61, 65, 80, 81, 97, 113, 131, 133, 155, 170, 184, 196, 199, 207, 233, 235, 241, 248, 273, 306, 320, 334, 355, 370, 401, 425, 457, 467, 489, 518, 560, 594, 606, 649, 697, 720, 726, 728, 766, 811, 848, 887, 903, 905, 937, 961, 1010, 1045, 1067, 1113, 1119, 1176, 1216, 1219, 1226, 1242, 1243, 1282, 1292, 1351, 1412, 1432, 1489, 1507, 1581, 1595, 1656, 1697, 1756, 1768, 1815, 1890, 1954, 1997, 2076, 2117, 2148, 2204, 2288, 2369, 2444, 2508, 2536, 2606, 2645, 2711]
[0, 0, 2, 4, 8, 10, 11, 14, 18, 26, 29, 31, 34, 45, 53, 61, 62, 68, 77, 93, 103, 121, 134, 144, 163, 183, 202, 209, 234, 240, 241, 251, 275, 293, 317, 351, 387, 404, 417, 453, 484, 488, 520, 544, 556, 583, 621, 627, 654, 694, 721, 746, 762, 786, 820, 825, 853, 858, 907, 910, 960, 1002, 1064, 1069, 1090, 1102, 1139, 1146, 1182, 1239, 1272, 1313, 1341, 1412, 1418, 1467, 1515, 1589, 1665, 1712, 1751, 1793, 1855, 1913, 1965, 2020, 2048, 2091, 2170, 2189, 2255, 2301, 2323, 2401, 2442, 2459, 2537, 2546, 2644, 2658]
[0, 0, 1, 2, 4, 5, 7, 13, 19, 27, 34, 36, 40, 52, 65, 76, 88, 93, 107, 117, 129, 137, 153, 162, 171, 185, 207, 230, 254, 258, 285, 304, 305, 326, 339, 366, 382, 387, 394, 422, 438, 453, 474, 506, 548, 567, 608, 620, 645, 681, 682, 686, 702, 739, 745, 780, 795, 826, 865, 870, 927, 974, 977, 1035, 1036, 1070, 1071, 1131, 1189, 1235, 1272, 1297, 1319, 1377, 1437, 1467, 1526, 1557, 1594, 1668, 1731, 1792, 1847, 1886, 1907, 1975, 2049, 2079, 2108, 2166, 2221, 2224, 2281, 2366, 2406, 2466, 2543, 2585, 2645, 2715]
[0, 0, 2, 3, 4, 7, 12, 18, 19, 21, 29, 35, 39, 49, 53, 59, 65, 79, 89, 99, 114, 128, 134, 151, 155, 166, 168, 170, 181, 199, 224, 243, 269, 293, 305, 318, 339, 368, 392, 423, 458, 462, 472, 480, 520, 561, 581, 605, 608, 657, 702, 732, 754, 766, 792, 807, 809, 852, 881, 940, 951, 1002, 1036, 1065, 1127, 1163, 1186, 1237, 1245, 1293, 1317, 1386, 1447, 1466, 1514, 1526, 1558, 1622, 1670, 1720, 1800, 1844, 1858, 1875, 1932, 2008, 2091, 2094, 2102, 2156, 2241, 2254, 2307, 2358, 2448, 2519, 2570, 2572, 2612, 2688]
[0, 0, 1, 3, 7, 10, 13, 15, 18, 21, 27, 34, 46, 47, 60, 66, 72, 84, 88, 95, 106, 117, 129, 137, 143, 149, 164, 183, 191, 217, 218, 234, 243, 273, 284, 314, 327, 344, 362, 396, 406, 435, 458, 462, 477, 512, 517, 561, 589, 631, 667, 683, 722, 724, 726, 774, 814, 840, 884, 885, 890, 939, 967, 982, 1032, 1094, 1109, 1162, 1165, 1207, 1269, 1296, 1361, 1375, 1394, 1398, 1441, 1472, 1511, 1526, 1535, 1579, 1604, 1610, 1663, 1738, 1749, 1835, 1864, 1902, 1908, 1925, 1985, 2000, 2026, 2075, 2090, 2158, 2194, 2234]
[0, 0, 2, 3, 5, 10, 12, 19, 23, 27, 34, 37, 43, 49, 54, 62, 67, 68, 69, 78, 85, 106, 113, 122, 134, 144, 146, 152, 170, 180, 196, 227, 251, 257, 279, 283, 305, 339, 343, 374, 401, 442, 472, 487, 494, 522, 541, 581, 610, 651, 679, 703, 749, 756, 796, 845, 878, 911, 917, 976, 1015, 1040, 1076, 1127, 1128, 1150, 1159, 1194, 1240, 1262, 1292, 1335, 1383, 1455, 1508, 1567, 1635, 1652, 1729, 1793, 1798, 1828, 1837, 1846, 1907, 1927, 2011, 2031, 2074, 2101, 2132, 2206, 2229, 2248, 2278, 2318, 2373, 2400, 2467, 2553]
[0, 0, 1, 2, 6, 10, 11, 12, 15, 18, 21, 27, 39, 40, 51, 65, 66, 67, 71, 73, 75, 82, 90, 92, 106, 115, 124, 128, 139, 140, 150, 170, 198, 231, 242, 254, 272, 284, 318, 344, 354, 393, 417, 437, 446, 468, 504, 529, 551, 570, 619, 659, 692, 734, 758, 788, 838, 841, 871, 877, 925, 946, 981, 1034, 1053, 1115, 1157, 1187, 1253, 1309, 1342, 1356, 1383, 1412, 1447, 1514, 1559, 1598, 1601, 1604, 1651, 1682, 1759, 1827, 1883, 1923, 2004, 2087, 2102, 2169, 2186, 2275, 2294, 2374, 2447, 2537, 2584, 2676, 2727, 2787]
[0, 0, 2, 5, 8, 12, 18, 25, 31, 34, 44, 50, 55, 60, 73, 81, 91, 94, 101, 116, 135, 145, 152, 157, 158, 183, 186, 207, 213, 220, 228, 251, 252, 264, 284, 309, 320, 344, 363, 382, 413, 447, 450, 476, 503, 512, 524, 542, 543, 551, 559, 596, 647, 697, 704, 743, 779, 782, 837, 859, 913, 953, 1005, 1014, 1038, 1073, 1138, 1143, 1150, 1174, 1189, 1250, 1283, 1309, 1361, 1406, 1424, 1448, 1520, 1581, 1640, 1681, 1717, 1718, 1766, 1771, 1786, 1787, 1795, 1860, 1881, 1943, 2014, 2079, 2170, 2259, 2280, 2374, 2454, 2470]
[0, 0, 1, 3, 5, 6, 9, 10, 17, 25, 29, 34, 41, 45, 51, 53, 69, 70, 83, 100, 114, 121, 143, 165, 167, 175, 197, 221, 248, 269, 283, 308, 330, 337, 350, 372, 388, 408, 440, 455, 475, 492, 524, 536, 579, 587, 617, 649, 691, 711, 746, 761, 809, 853, 877, 909, 922, 979, 980, 989, 1049, 1106, 1133, 1194, 1240, 1276, 1309, 1354, 1397, 1465, 1520, 1557, 1578, 1584, 1616, 1645, 1712, 1747, 1790, 1814, 1867, 1870, 1921, 1964, 2023, 2026, 2102, 2125, 2204, 2205, 2224, 2306, 2331, 2394, 2482, 2527, 2574, 2659, 2710, 2757]
[0, 0, 2, 5, 9, 12, 13, 14, 20, 29, 31, 42, 44, 51, 53, 56, 72, 83, 95, 97, 110, 121, 131, 142, 147, 163, 188, 214, 234, 262, 292, 301, 309, 322, 347, 357, 390, 426, 437, 466, 496, 521, 528, 553, 573, 599, 620, 622, 670, 676, 715, 745, 766, 805, 842, 892, 907, 961, 992, 1016, 1073, 1127, 1150, 1159, 1187, 1209, 1261, 1306, 1341, 1382, 1411, 1445, 1512, 1539, 1588, 1661, 1729, 1732, 1737, 1794, 1797, 1878, 1957, 1988, 1990, 2064, 2144, 2169, 2208, 2225, 2268, 2287, 2326, 2379, 2464, 2483, 2567, 2588, 2645, 2689]
[0, 0, 1, 4, 5, 7, 8, 13, 19, 20, 23, 33, 38, 39, 52, 57, 68, 69, 84, 98, 108, 109, 121, 128, 150, 151, 162, 175, 201, 206, 226, 241, 260, 270, 293, 303, 332, 351, 384, 404, 439, 445, 470, 483, 493, 507, 520, 522, 538, 565, 604, 623, 652, 661, 700, 716, 724, 752, 760, 761, 782, 799, 848, 894, 943, 973, 979, 1019, 1020, 1024, 1089, 1147, 1163, 1220, 1282, 1328, 1343, 1374, 1432, 1455, 1494, 1535, 1563, 1578, 1654, 1680, 1739, 1756, 1761, 1850, 1927, 1984, 2037, 2054, 2076, 2094, 2172, 2194, 2216, 2230]
[0, 0, 2, 4, 5, 7, 13, 14, 22, 28, 30, 36, 46, 57, 62, 66, 68, 80, 97, 102, 105, 106, 118, 127, 150, 161, 177, 178, 183, 205, 226, 249, 263, 277, 284, 290, 326, 341, 344, 354, 361, 387, 425, 445, 476, 501, 527, 557, 563, 583, 633, 680, 686, 731, 774, 804, 844, 847, 873, 899, 906, 918, 933, 972, 991, 1023, 1037, 1064, 1080, 1115, 1120, 1171, 1203, 1212, 1250, 1263, 1305, 1367, 1375, 1443, 1484, 1500, 1572, 1647, 1680, 1694, 1731, 1772, 1818, 1820, 1898, 1971, 2009, 2088, 2150, 2156, 2185, 2227, 2299, 2305]
[0, 0, 1, 3, 4, 5, 8, 15, 21, 26, 29, 31, 33, 42, 55, 58, 70, 81, 85, 91, 104, 118, 122, 125, 131, 153, 167, 176, 191, 214, 238, 259, 267, 290, 297, 322, 352, 375, 407, 437, 443, 447, 449, 464, 469, 505, 506, 524, 552, 573, 604, 642, 654, 672, 726, 751, 800, 808, 844, 893, 918, 962, 997, 1051, 1109, 1162, 1170, 1193, 1257, 1286, 1345, 1365, 1422, 1426, 1495, 1559, 1572, 1641, 1694, 1746, 1759, 1814, 1819, 1874, 1928, 1982, 2019, 2031, 2094, 2160, 2168, 2217, 2258, 2343, 2364, 2367, 2398, 2488, 2551, 2560]
[0, 0, 1, 3, 5, 10, 12, 17, 21, 25, 27, 28, 40, 44, 51, 52, 56, 61, 65, 69, 78, 99, 108, 111, 119, 120, 144, 169, 194, 211, 220, 230, 240, 273, 286, 296, 314, 343, 380, 407, 431, 449, 466, 483, 501, 542, 583, 600, 601, 608, 612, 651, 657, 688, 719, 732, 770, 791, 831, 852, 903, 935, 961, 1018, 1079, 1137, 1147, 1156, 1203, 1220, 1287, 1306, 1370, 1399, 1469, 1529, 1537, 1544, 1576, 1581, 1626, 1701, 1728, 1770, 1828, 1847, 1890, 1963, 1985, 2000, 2056, 2072, 2104, 2122, 2155, 2205, 2276, 2342, 2386, 2413]
[0, 0, 1, 3, 6, 7, 11, 17, 19, 21, 26, 27, 34, 37, 45, 59, 60, 77, 79, 82, 102, 111, 115, 130, 147, 155, 162, 164, 181, 199, 228, 249, 258, 270, 293, 296, 300, 306, 336, 357, 384, 421, 436, 462, 480, 494, 516, 535, 543, 577, 599, 614, 666, 681, 711, 749, 786, 811, 860, 907, 955, 966, 989, 1021, 1071, 1097, 1122, 1157, 1178, 1240, 1301, 1334, 1335, 1385, 1391, 1420, 1426, 1496, 1548, 1599, 1629, 1710, 1761, 1834, 1835, 1885, 1908, 1995, 2003, 2076, 2100, 2111, 2194, 2257, 2333, 2401, 2491, 2529, 2538, 2542]
[0, 0, 2, 4, 8, 11, 12, 18, 24, 31, 40, 47, 56, 67, 79, 80, 84, 98, 102, 114, 124, 125, 138, 142, 155, 173, 185, 193, 200, 218, 225, 235, 247, 249, 257, 278, 290, 319, 343, 371, 380, 394, 395, 398, 436, 474, 498, 523, 561, 595, 625, 662, 680, 683, 729, 735, 742, 760, 793, 808, 813, 842, 848, 896, 923, 959, 966, 1010, 1041, 1097, 1130, 1131, 1160, 1199, 1219, 1228, 1239, 1309, 1340, 1384, 1389, 1436, 1508, 1532, 1542, 1615, 1647, 1714, 1751, 1839, 1884, 1886, 1931, 1966, 1997, 2042, 2055, 2096, 2118, 2140]
[0, 0, 2, 5, 9, 13, 17, 18, 20, 24, 31, 37, 47, 50, 63, 64, 74, 88, 96, 113, 122, 131, 153, 161, 176, 201, 214, 231, 252, 260, 275, 285, 302, 317, 343, 374, 397, 416, 438, 475, 483, 522, 552, 570, 573, 585, 630, 635, 667, 695, 745, 765, 815, 842, 847, 865, 919, 928, 983, 1033, 1046, 1099, 1160, 1206, 1231, 1238, 1262, 1284, 1325, 1348, 1400, 1467, 1493, 1554, 1556, 1600, 1605, 1671, 1734, 1791, 1812, 1845, 1885, 1907, 1921, 1992, 2025, 2112, 2180, 2245, 2283, 2359, 2362, 2433, 2490, 2500, 2512, 2562, 2643, 2731]
[0, 0, 2, 3, 4, 8, 11, 13, 17, 23, 30, 34, 37, 50, 55, 69, 80, 88, 99, 101, 111, 122, 129, 136, 154, 170, 179, 197, 203, 231, 259, 286, 310, 325, 334, 350, 362, 381, 413, 448, 471, 482, 507, 530, 552, 558, 589, 599, 640, 648, 690, 717, 741, 749, 775, 816, 822, 864, 870, 880, 902, 961, 975, 1012, 1030, 1039, 1058, 1075, 1126, 1148, 1202, 1209, 1220, 1255, 1288, 1338, 1356, 1421, 1484, 1555, 1575, 1608, 1634, 1692, 1752, 1755, 1819, 1821, 1868, 1933, 2018, 2038, 2068, 2113, 2124, 2184, 2226, 2298, 2316, 2347]
[0, 0, 1, 2, 6, 7, 11, 14, 15, 20, 28, 33, 43, 52, 62, 76, 90, 106, 116, 125, 132, 137, 152, 165, 170, 183, 192, 197, 211, 222, 224, 252, 254, 284, 302, 317, 341, 373, 400, 433, 443, 481, 515, 550, 574, 586, 589, 628, 629, 654, 693, 741, 758, 790, 834, 855, 908, 939, 981, 1025, 1083, 1121, 1140, 1141, 1163, 1228, 1229, 1275, 1313, 1367, 1392, 1444, 1475, 1534, 1549, 1602, 1618, 1673, 1733, 1759, 1785, 1804, 1809, 1846, 1927, 1966, 2010, 2041, 2068, 2102, 2189, 2247, 2314, 2322, 2378, 2434, 2518, 2583, 2673, 2688]
[0, 0, 1, 4, 7, 10, 14, 17, 18, 25, 29, 33, 34, 47, 48, 52, 61, 71, 85, 87, 96, 98, 107, 108, 126, 137, 157, 183, 207, 234, 243, 270, 290, 304, 312, 345, 372, 381, 392, 395, 403, 441, 442, 454, 456, 493, 534, 564, 575, 618, 667, 670, 681, 704, 752, 762, 782, 797, 855, 894, 935, 968, 1001, 1047, 1081, 1145, 1180, 1241, 1285, 1336, 1381, 1420, 1457, 1495, 1529, 1598, 1628, 1642, 1646, 1667, 1680, 1684, 1741, 1785, 1816, 1887, 1958, 2001, 2033, 2059, 2114, 2135, 2152, 2202, 2275, 2309, 2323, 2334, 2411, 2487]
[0, 0, 1, 3, 7, 9, 10, 17, 21, 25, 30, 36, 48, 59, 71, 76, 89, 95, 99, 112, 114, 115, 135, 143, 157, 163, 176, 202, 225, 251, 259, 272, 295, 325, 329, 335, 337, 345, 382, 417, 433, 468, 499, 529, 534, 559, 596, 600, 613, 639, 678, 701, 745, 750, 756, 764, 792, 801, 827, 881, 916, 965, 986, 1037, 1080, 1086, 1104, 1121, 1166, 1216, 1252, 1258, 1297, 1369, 1406, 1407, 1456, 1531, 1544, 1603, 1646, 1667, 1722, 1750, 1782, 1846, 1897, 1917, 1991, 2049, 2066, 2118, 2172, 2252, 2283, 2362, 2431, 2472, 2567, 2637]
[0, 0, 1, 4, 6, 8, 13, 17, 22, 29, 31, 37, 46, 59, 71, 85, 86, 97, 101, 111, 123, 124, 129, 138, 142, 150, 151, 173, 195, 217, 244, 253, 273, 280, 289, 319, 333, 340, 366, 382, 389, 413, 445, 471, 483, 500, 513, 545, 568, 607, 636, 642, 665, 682, 708, 731, 755, 773, 816, 841, 862, 901, 920, 952, 985, 991, 1021, 1054, 1100, 1156, 1183, 1200, 1218, 1231, 1280, 1349, 1358, 1405, 1406, 1481, 1505, 1573, 1582, 1610, 1625, 1669, 1735, 1744, 1806, 1877, 1959, 1982, 2002, 2006, 2007, 2061, 2098, 2189, 2239, 2288]
[0, 0, 1, 2, 4, 5, 8, 9, 12, 16, 25, 30, 39, 44, 56, 64, 79, 84, 88, 98, 110, 122, 129, 143, 149, 161, 162, 187, 210, 225, 248, 274, 292, 322, 355, 366, 386, 389, 390, 418, 458, 485, 491, 499, 513, 514, 547, 561, 564, 587, 637, 679, 697, 731, 763, 796, 842, 845, 863, 917, 940, 951, 977, 1036, 1099, 1163, 1194, 1240, 1274, 1290, 1299, 1314, 1331, 1401, 1417, 1420, 1466, 1511, 1530, 1566, 1604, 1684, 1715, 1722, 1795, 1853, 1885, 1894, 1948, 1972, 2058, 2072, 2114, 2132, 2167, 2179, 2182, 2213, 2278, 2283]
[0, 0, 2, 4, 5, 6, 10, 16, 17, 24, 28, 35, 42, 47, 48, 51, 62, 71, 88, 101, 103, 107, 126, 132, 141, 161, 170, 191, 202, 216, 223, 239, 250, 258, 279, 282, 309, 319, 331, 341, 377, 396, 413, 455, 498, 507, 552, 587, 615, 636, 657, 695, 747, 763, 789, 820, 832, 871, 878, 930, 945, 946, 959, 1018, 1046, 1066, 1122, 1176, 1178, 1240, 1280, 1287, 1334, 1401, 1474, 1544, 1615, 1687, 1741, 1816, 1844, 1883, 1933, 1936, 1980, 2029, 2110, 2127, 2166, 2194, 2236, 2321, 2350, 2403, 2467, 2502, 2518, 2521, 2572, 2593]
[0, 0, 2, 5, 7, 11, 12, 14, 20, 29, 39, 46, 57, 62, 64, 73, 76, 78, 95, 99, 104, 113, 118, 129, 132, 141, 142, 168, 190, 207, 210, 214, 232, 263, 294, 318, 347, 372, 401, 420, 438, 476, 504, 515, 537, 578, 587, 604, 623, 643, 670, 704, 734, 762, 808, 852, 879, 900, 939, 967, 989, 1037, 1074, 1120, 1162, 1225, 1227, 1230, 1247, 1284, 1340, 1369, 1419, 1434, 1467, 1522, 1583, 1643, 1689, 1693, 1766, 1833, 1899, 1932, 1974, 1999, 2084, 2161, 2194, 2203, 2280, 2329, 2333, 2373, 2375, 2455, 2504, 2584, 2642, 2654]
[0, 0, 1, 2, 3, 8, 10, 17, 21, 23, 25, 27, 35, 39, 42, 55, 69, 81, 90, 95, 106, 116, 125, 130, 135, 148, 168, 171, 172, 174, 196, 203, 227, 234, 256, 285, 296, 310, 341, 360, 375, 395, 412, 428, 454, 474, 517, 523, 549, 562, 593, 637, 648, 686, 699, 717, 766, 805, 833, 835, 870, 884, 891, 898, 940, 949, 998, 1000, 1064, 1099, 1145, 1147, 1159, 1219, 1266, 1323, 1328, 1401, 1468, 1509, 1524, 1589, 1669, 1726, 1783, 1852, 1936, 1998, 2026, 2095, 2143, 2230, 2299, 2318, 2347, 2393, 2472, 2482, 2547, 2631]
[0, 0, 1, 3, 7, 11, 14, 15, 16, 17, 26, 33, 44, 56, 68, 75, 82, 97, 98, 105, 119, 139, 143, 162, 168, 186, 203, 224, 248, 256, 261, 289, 301, 313, 328, 334, 355, 377, 404, 428, 437, 440, 481, 521, 560, 593, 624, 643, 649, 679, 712, 759, 765, 800, 852, 905, 906, 930, 986, 1002, 1045, 1103, 1147, 1186, 1223, 1263, 1268, 1295, 1333, 1387, 1445, 1512, 1551, 1586, 1650, 1708, 1756, 1762, 1814, 1855, 1894, 1902, 1941, 1995, 2049, 2122, 2144, 2154, 2157, 2170, 2213, 2270, 2299, 2357, 2410, 2501, 2555, 2568, 2601, 2609]
